0,435
0,434
0,433
0,432
0,431
47,4
0,430
0,429
0,428
47,3
47,2
0,427
47,1
47,0
0,426
0,425
46,3
46,2
0,424
46,1
46,0
0,423
0,422
0,421
45,4
0,420
0,419
0,418
45,3
45,2
0,417
45,1
45,0
0,416
0,415
0,414
0,413
0,412
44,3
44,2
0,411
44,1
44,0
0,410
0,409
43,3
43,2
0,408
43,1
43,0
0,407
0,406
0,405
0,404
42,5
42,4
42,3
42,2
42,1
42,0
41,3
41,2
41,1
41,0
40,4
40,3
40,2
40,1
40,0
39,3
39,2
39,1
39,0
0,403
0,402
0,401
0,400
0,399
0,398
0,397
0,396
0,395
0,394
0,393
0,392
0,278
3,2
10,266
10,272
10,284
10,252
10,226
10,214
10,300
10,68
10,2
10,3
11,6
